{
 "cells": [
  {
   "cell_type": "code",
   "execution_count": 3,
   "metadata": {
    "collapsed": false
   },
   "outputs": [
    {
     "name": "stdout",
     "output_type": "stream",
     "text": [
      "Reading\n",
      "Reading\n"
     ]
    },
    {
     "data": {
      "text/plain": [
       "<module 'data_config' from '../src/data_config.pyc'>"
      ]
     },
     "execution_count": 3,
     "metadata": {},
     "output_type": "execute_result"
    }
   ],
   "source": [
    "%load_ext autoreload\n",
    "%autoreload 2\n",
    "import sys\n",
    "import numpy as np\n",
    "import scipy.cluster.hierarchy as sch\n",
    "import pylab\n",
    "import scipy\n",
    "import matplotlib.pyplot as plt\n",
    "\n",
    "# Add the ptdraft folder path to the sys.path list\n",
    "sys.path.append('../src/')\n",
    "import data_config as dc\n",
    "reload(dc)\n"
   ]
  },
  {
   "cell_type": "code",
   "execution_count": 4,
   "metadata": {
    "collapsed": false
   },
   "outputs": [],
   "source": [
    "wd = dc.kato.data()"
   ]
  },
  {
   "cell_type": "code",
   "execution_count": 77,
   "metadata": {
    "collapsed": false,
    "scrolled": false
   },
   "outputs": [],
   "source": [
    "import katotools as kt\n",
    "derivs = kt.integrated('deltaFOverF')\n"
   ]
  },
  {
   "cell_type": "markdown",
   "metadata": {},
   "source": [
    "Now we can plot"
   ]
  },
  {
   "cell_type": "code",
   "execution_count": 67,
   "metadata": {
    "collapsed": false,
    "scrolled": true
   },
   "outputs": [
    {
     "data": {
      "text/plain": [
       "{(0,\n",
       "  0): array([[ 3.40247023,  3.40720561,  3.15024137,  3.14059643,  3.1789175 ,\n",
       "          3.38290782,  3.29220127,  3.20470024,  3.32771556,  3.25175416,\n",
       "          3.34653036,  3.26959836,  3.38995048,  3.42420203,  2.97272843,\n",
       "          3.05031396,  3.06208707,  3.28995218,  3.38186197,  3.13986247],\n",
       "        [ 3.40720561,  5.06294337,  2.84951352,  2.88772948,  2.90077213,\n",
       "          3.46344123,  4.6293035 ,  3.81789173,  3.19807099,  2.99023138,\n",
       "          3.00957632,  3.05194124,  3.26591064,  4.04658384,  2.61149913,\n",
       "          2.75104693,  2.68937138,  2.96789231,  3.50995553,  2.71737645],\n",
       "        [ 3.15024137,  2.84951352,  5.50305827,  5.3958193 ,  5.40099059,\n",
       "          3.07817745,  2.38479039,  4.86591492,  3.3911619 ,  5.71568375,\n",
       "          3.80060709,  3.47094332,  3.34405408,  2.58958021,  5.32361672,\n",
       "          5.45763479,  5.47366146,  5.74525625,  4.81946509,  4.74156842],\n",
       "        [ 3.14059643,  2.88772948,  5.3958193 ,  5.38527661,  5.35039989,\n",
       "          3.06981521,  2.41520774,  4.8290243 ,  3.37784209,  5.65208901,\n",
       "          3.78555175,  3.45035871,  3.34273161,  2.62044196,  5.27124817,\n",
       "          5.41687018,  5.41501151,  5.68426461,  4.81223974,  4.70107532],\n",
       "        [ 3.1789175 ,  2.90077213,  5.40099059,  5.35039989,  5.38145065,\n",
       "          3.09311739,  2.45552089,  4.82004652,  3.40499441,  5.64742499,\n",
       "          3.80552313,  3.47449292,  3.36608453,  2.64855469,  5.26682532,\n",
       "          5.41556266,  5.40314929,  5.68800891,  4.76003372,  4.67362433],\n",
       "        [ 3.38290782,  3.46344123,  3.07817745,  3.06981521,  3.09311739,\n",
       "          3.45573844,  3.36163998,  3.19423524,  3.32243853,  3.18283059,\n",
       "          3.31059827,  3.24244132,  3.37491571,  3.50344418,  2.90554965,\n",
       "          2.98238707,  2.98745629,  3.21488354,  3.36611069,  3.0959526 ],\n",
       "        [ 3.29220127,  4.6293035 ,  2.38479039,  2.41520774,  2.45552089,\n",
       "          3.36163998,  4.49779735,  3.18526571,  3.05211021,  2.48530476,\n",
       "          2.79380368,  2.89134456,  3.1275458 ,  3.99201359,  2.14223509,\n",
       "          2.24831739,  2.19697205,  2.4636661 ,  2.96537079,  2.30241229],\n",
       "        [ 3.20470024,  3.81789173,  4.86591492,  4.8290243 ,  4.82004652,\n",
       "          3.19423524,  3.18526571,  5.01969069,  3.31377074,  5.14015026,\n",
       "          3.57031027,  3.32437543,  3.29593694,  3.06591685,  4.72006428,\n",
       "          4.87714363,  4.84921681,  5.11047875,  4.72518638,  4.27663541],\n",
       "        [ 3.32771556,  3.19807099,  3.3911619 ,  3.37784209,  3.40499441,\n",
       "          3.32243853,  3.05211021,  3.31377074,  3.37157123,  3.50726091,\n",
       "          3.43112355,  3.3063581 ,  3.37410548,  3.2412819 ,  3.24321632,\n",
       "          3.32794413,  3.33885254,  3.56286771,  3.53105498,  3.35396821],\n",
       "        [ 3.25175416,  2.99023138,  5.71568375,  5.65208901,  5.64742499,\n",
       "          3.18283059,  2.48530476,  5.14015026,  3.50726091,  6.08927981,\n",
       "          3.97904217,  3.58686169,  3.46055693,  2.68388312,  5.6739413 ,\n",
       "          5.82009008,  5.82893934,  6.04197539,  5.17622199,  5.04271653],\n",
       "        [ 3.34653036,  3.00957632,  3.80060709,  3.78555175,  3.80552313,\n",
       "          3.31059827,  2.79380368,  3.57031027,  3.43112355,  3.97904217,\n",
       "          3.69671029,  3.43520593,  3.44762892,  3.06042807,  3.72244253,\n",
       "          3.81320997,  3.82305341,  4.01887797,  3.90702867,  3.79034228],\n",
       "        [ 3.26959836,  3.05194124,  3.47094332,  3.45035871,  3.47449292,\n",
       "          3.24244132,  2.89134456,  3.32437543,  3.3063581 ,  3.58686169,\n",
       "          3.43520593,  3.32093608,  3.34113935,  3.10629051,  3.32444432,\n",
       "          3.40515525,  3.41698882,  3.64231956,  3.54098611,  3.40889817],\n",
       "        [ 3.38995048,  3.26591064,  3.34405408,  3.34273161,  3.36608453,\n",
       "          3.37491571,  3.1275458 ,  3.29593694,  3.37410548,  3.46055693,\n",
       "          3.44762892,  3.34113935,  3.47815473,  3.31109606,  3.19760712,\n",
       "          3.27996852,  3.29518126,  3.50852403,  3.521707  ,  3.33271917],\n",
       "        [ 3.42420203,  4.04658384,  2.58958021,  2.62044196,  2.64855469,\n",
       "          3.50344418,  3.99201359,  3.06591685,  3.2412819 ,  2.68388312,\n",
       "          3.06042807,  3.10629051,  3.31109606,  3.94567266,  2.38239633,\n",
       "          2.45385561,  2.43793179,  2.69846546,  3.0302334 ,  2.58435915],\n",
       "        [ 2.97272843,  2.61149913,  5.32361672,  5.27124817,  5.26682532,\n",
       "          2.90554965,  2.14223509,  4.72006428,  3.24321632,  5.6739413 ,\n",
       "          3.72244253,  3.32444432,  3.19760712,  2.38239633,  5.44428491,\n",
       "          5.53141086,  5.54332865,  5.65944451,  4.85063975,  4.77876111],\n",
       "        [ 3.05031396,  2.75104693,  5.45763479,  5.41687018,  5.41556266,\n",
       "          2.98238707,  2.24831739,  4.87714363,  3.32794413,  5.82009008,\n",
       "          3.81320997,  3.40515525,  3.27996852,  2.45385561,  5.53141086,\n",
       "          5.71352484,  5.68263157,  5.79954257,  4.98481323,  4.89048105],\n",
       "        [ 3.06208707,  2.68937138,  5.47366146,  5.41501151,  5.40314929,\n",
       "          2.98745629,  2.19697205,  4.84921681,  3.33885254,  5.82893934,\n",
       "          3.82305341,  3.41698882,  3.29518126,  2.43793179,  5.54332865,\n",
       "          5.68263157,  5.75469744,  5.82046341,  4.97631759,  4.91538087],\n",
       "        [ 3.28995218,  2.96789231,  5.74525625,  5.68426461,  5.68800891,\n",
       "          3.21488354,  2.4636661 ,  5.11047875,  3.56286771,  6.04197539,\n",
       "          4.01887797,  3.64231956,  3.50852403,  2.69846546,  5.65944451,\n",
       "          5.79954257,  5.82046341,  6.12583054,  5.14624749,  5.06350366],\n",
       "        [ 3.38186197,  3.50995553,  4.81946509,  4.81223974,  4.76003372,\n",
       "          3.36611069,  2.96537079,  4.72518638,  3.53105498,  5.17622199,\n",
       "          3.90702867,  3.54098611,  3.521707  ,  3.0302334 ,  4.85063975,\n",
       "          4.98481323,  4.97631759,  5.14624749,  5.1907834 ,  4.77900692],\n",
       "        [ 3.13986247,  2.71737645,  4.74156842,  4.70107532,  4.67362433,\n",
       "          3.0959526 ,  2.30241229,  4.27663541,  3.35396821,  5.04271653,\n",
       "          3.79034228,  3.40889817,  3.33271917,  2.58435915,  4.77876111,\n",
       "          4.89048105,  4.91538087,  5.06350366,  4.77900692,  4.68504259]]),\n",
       " (0,\n",
       "  1): array([[ 1.69545205,  1.89045542,  1.04808171,  1.02675813,  1.01331363,\n",
       "          1.42572289,  1.13997015,  1.19526175,  1.16223514,  1.32759439,\n",
       "          1.20405158,  1.26534404,  1.02066845,  1.57384778,  0.9015803 ,\n",
       "          1.172743  ,  1.45781449,  1.08917289,  0.91640362,  1.11399201],\n",
       "        [ 1.90555772,  2.06551061,  1.16213121,  1.12264005,  1.13702968,\n",
       "          1.56156598,  1.31562132,  1.36720577,  1.30179314,  1.48938684,\n",
       "          1.37836599,  1.40750876,  1.13616049,  1.76060474,  0.99421218,\n",
       "          1.31200287,  1.62944265,  1.23072574,  1.00019112,  1.27455236],\n",
       "        [ 2.02395413,  2.06805645,  2.06707868,  1.69677049,  1.65254864,\n",
       "          1.95612231,  1.77089165,  2.03099453,  1.78146433,  1.6759908 ,\n",
       "          1.79410089,  1.82819173,  1.75509515,  2.04818328,  1.77353114,\n",
       "          1.82763606,  2.06367674,  1.71365283,  1.99868195,  1.79469526],\n",
       "        [ 1.60536094,  1.62512212,  1.23368665,  1.12024509,  1.09633906,\n",
       "          1.38817767,  1.13914769,  1.26819994,  1.1684449 ,  1.13818155,\n",
       "          1.20593856,  1.22856693,  1.11808107,  1.57877847,  1.08314394,\n",
       "          1.26954254,  1.47003606,  1.12271096,  1.17954939,  1.23535481],\n",
       "        [ 1.63902358,  1.60321787,  1.2118174 ,  1.18915508,  1.1518266 ,\n",
       "          1.33617402,  1.15807157,  1.28882091,  1.18308168,  1.07807881,\n",
       "          1.20383947,  1.18982358,  1.19393648,  1.63422737,  1.15636458,\n",
       "          1.3463624 ,  1.44110297,  1.07759681,  1.19294572,  1.31397455],\n",
       "        [ 2.17846059,  2.24077434,  2.36534373,  1.80294491,  1.87659501,\n",
       "          2.30244479,  2.19596378,  2.5073665 ,  2.23760544,  2.03555333,\n",
       "          2.20445088,  2.15489179,  1.95075213,  2.26977558,  1.95256207,\n",
       "          2.02250796,  2.40566788,  2.03022108,  2.31821288,  2.03792392],\n",
       "        [ 2.13539352,  2.18872315,  2.34968403,  1.77166201,  1.84458411,\n",
       "          2.24731011,  2.1172669 ,  2.43502343,  2.15385169,  1.95530166,\n",
       "          2.12756827,  2.10109249,  1.9175589 ,  2.19190246,  1.91817496,\n",
       "          1.97703788,  2.336214  ,  1.97512156,  2.2870673 ,  1.98810196],\n",
       "        [ 2.24591292,  2.29047162,  2.33313224,  1.81598239,  1.8852982 ,\n",
       "          2.27082828,  2.14228296,  2.44133492,  2.17341296,  1.99967201,\n",
       "          2.16806484,  2.10639149,  1.95481874,  2.28090026,  1.91374418,\n",
       "          2.03086257,  2.35617587,  1.95934545,  2.25089489,  2.03009596],\n",
       "        [ 2.23767065,  2.3765432 ,  1.67571348,  1.55624331,  1.59689066,\n",
       "          1.98813233,  1.86370151,  1.95850412,  1.84398182,  1.9415101 ,\n",
       "          1.91215274,  1.84663724,  1.62262583,  2.14047003,  1.48366783,\n",
       "          1.7587825 ,  2.07189849,  1.67135372,  1.52521093,  1.72243092],\n",
       "        [ 2.08001298,  2.23745783,  1.47455022,  1.39720642,  1.42773776,\n",
       "          1.82724   ,  1.64659479,  1.74111463,  1.62426826,  1.74089412,\n",
       "          1.70239078,  1.68189519,  1.43557571,  1.95657153,  1.31192539,\n",
       "          1.57791074,  1.88940562,  1.50117027,  1.32939331,  1.52439114],\n",
       "        [ 2.51783742,  2.56689724,  2.28899639,  1.95829517,  2.04483782,\n",
       "          2.50808953,  2.44024226,  2.66272919,  2.40523918,  2.30688438,\n",
       "          2.46865339,  2.35005965,  2.13312209,  2.56453097,  1.99594848,\n",
       "          2.20707119,  2.61105975,  2.15384189,  2.19677226,  2.1958036 ],\n",
       "        [ 2.14620576,  2.19732102,  2.35164209,  1.79697753,  1.85792573,\n",
       "          2.24790864,  2.14395034,  2.46642384,  2.18253192,  1.99171993,\n",
       "          2.16246817,  2.11161304,  1.93525108,  2.24095955,  1.94063009,\n",
       "          1.99355435,  2.37218258,  1.99976766,  2.28728351,  2.0168072 ],\n",
       "        [ 1.66246571,  1.80508402,  1.01750854,  1.01266924,  0.99689622,\n",
       "          1.36008842,  1.08756188,  1.15288988,  1.11602823,  1.25203991,\n",
       "          1.15057319,  1.20821513,  0.99632188,  1.56181969,  0.8913994 ,\n",
       "          1.16568681,  1.41350002,  1.0449986 ,  0.88450886,  1.12267082],\n",
       "        [ 1.51594421,  1.56414783,  1.0694515 ,  0.97948484,  0.95169444,\n",
       "          1.23300633,  1.01073434,  1.12247446,  1.03589605,  1.04965934,\n",
       "          1.08475523,  1.0898149 ,  0.97467163,  1.45955571,  0.93266923,\n",
       "          1.12837127,  1.33917849,  0.96838236,  1.01574383,  1.10724231],\n",
       "        [ 1.61107264,  1.61660775,  1.29664827,  1.17706766,  1.1340382 ,\n",
       "          1.44967905,  1.23397324,  1.3712766 ,  1.26342137,  1.18413991,\n",
       "          1.29220821,  1.30831442,  1.17542329,  1.61184916,  1.15080476,\n",
       "          1.31762853,  1.55966378,  1.19848782,  1.26269089,  1.29137767],\n",
       "        [ 1.95617837,  2.12615063,  1.30205373,  1.27700616,  1.3058618 ,\n",
       "          1.6860852 ,  1.42946077,  1.50185012,  1.42886904,  1.57221153,\n",
       "          1.49330029,  1.5153536 ,  1.28556619,  1.85993632,  1.17342803,\n",
       "          1.45837585,  1.7403426 ,  1.35627415,  1.16205112,  1.41662019],\n",
       "        [ 2.13038962,  2.15789514,  2.33108439,  1.77860808,  1.84889965,\n",
       "          2.21931049,  2.10468392,  2.40411567,  2.13614389,  1.92437899,\n",
       "          2.11692687,  2.08084067,  1.92284448,  2.20625717,  1.91276259,\n",
       "          1.98111002,  2.31347057,  1.96146341,  2.26653579,  1.99881006],\n",
       "        [ 2.22560866,  2.25459617,  2.37060458,  1.85777857,  1.93629478,\n",
       "          2.22205613,  2.15826202,  2.45294637,  2.18570914,  1.97350344,\n",
       "          2.15848894,  2.08906834,  1.99943804,  2.33140347,  2.01008926,\n",
       "          2.08027754,  2.3546485 ,  1.97944492,  2.32914242,  2.09612812],\n",
       "        [ 2.09955102,  2.11226126,  2.04716217,  1.7349201 ,  1.67249084,\n",
       "          1.95737718,  1.76794611,  2.02110874,  1.77340597,  1.67929801,\n",
       "          1.78914311,  1.83481469,  1.78416788,  2.12822764,  1.80567419,\n",
       "          1.86043654,  2.06621505,  1.72873256,  2.00184568,  1.84078974],\n",
       "        [ 1.64988556,  1.81729861,  0.95814289,  0.91045908,  0.92880667,\n",
       "          1.28635519,  1.02134538,  1.09463355,  1.03664628,  1.20287645,\n",
       "          1.07766582,  1.1206204 ,  0.91470277,  1.5142757 ,  0.79795683,\n",
       "          1.07424443,  1.33215287,  0.96366827,  0.84524394,  1.0522678 ]]),\n",
       " (0,\n",
       "  2): array([[ 1.00791267,  1.0139087 ,  0.53130682,  0.29169573,  0.45874948,\n",
       "          0.406487  ,  0.28415211,  0.41395504,  0.33885384,  0.56847273,\n",
       "          0.28394542,  0.42872643,  0.38288551,  0.6603177 ,  0.2669916 ,\n",
       "          0.40790499,  0.38557331,  0.39394465,  0.34422679,  0.4297549 ],\n",
       "        [ 1.2305377 ,  1.1147263 ,  0.96661453,  0.67150203,  0.86293779,\n",
       "          0.92119314,  0.81874829,  0.97150639,  0.87948873,  0.89421524,\n",
       "          0.86564595,  0.96200419,  0.77010413,  0.96729492,  0.67130296,\n",
       "          0.75806746,  0.97618977,  0.92835865,  0.85544345,  0.75552683],\n",
       "        [ 0.06219984,  0.22061436, -0.43844193, -0.59541231, -0.5754856 ,\n",
       "         -0.59131472, -0.63336009, -0.52528769, -0.62700987, -0.18160185,\n",
       "         -0.70855529, -0.61044874, -0.61068783, -0.33557381, -0.66165798,\n",
       "         -0.51660267, -0.58989982, -0.55675014, -0.6833762 , -0.56215313],\n",
       "        [ 0.58311909,  0.79511873, -0.16737612, -0.3995004 , -0.33895806,\n",
       "         -0.49653127, -0.59641663, -0.47006765, -0.55978265,  0.11035264,\n",
       "         -0.61028647, -0.50581922, -0.37074913,  0.0705529 , -0.48218394,\n",
       "         -0.27757932, -0.51674726, -0.4940774 , -0.52664985, -0.24519838],\n",
       "        [ 0.97696724,  0.91542262,  0.55083561,  0.33128548,  0.50487421,\n",
       "          0.42051935,  0.3369366 ,  0.4527779 ,  0.39369688,  0.55743479,\n",
       "          0.34183934,  0.46940295,  0.42890953,  0.6789829 ,  0.34020814,\n",
       "          0.45298861,  0.44937561,  0.44896098,  0.40985939,  0.47436019],\n",
       "        [ 1.37497098,  1.22062475,  1.79495521,  1.47746607,  1.47534203,\n",
       "          1.85324774,  1.87062331,  2.0864296 ,  1.82886142,  1.55327479,\n",
       "          1.90827033,  1.93821407,  1.46206686,  1.34976803,  1.51943753,\n",
       "          1.39152348,  2.07610674,  1.86621837,  1.82392857,  1.28214706],\n",
       "        [ 1.5045428 ,  1.44374935,  2.04046801,  1.52006963,  1.54881484,\n",
       "          2.16018911,  2.24157287,  2.48626663,  2.19441002,  1.95926395,\n",
       "          2.27663974,  2.26813321,  1.53584493,  1.46563712,  1.54822348,\n",
       "          1.47832528,  2.45033409,  2.18639002,  2.01793094,  1.38640285],\n",
       "        [ 1.40438729,  1.34022202,  1.86481957,  1.42180455,  1.447949  ,\n",
       "          1.97865782,  2.0200821 ,  2.24075985,  1.96503295,  1.78131821,\n",
       "          2.05350584,  2.05994856,  1.41963866,  1.34814868,  1.46354307,\n",
       "          1.37286437,  2.226892  ,  1.95807757,  1.83480223,  1.27325446],\n",
       "        [ 1.24929857,  1.22482451,  1.62655026,  1.11682161,  1.17042104,\n",
       "          1.60475731,  1.65192877,  1.87171152,  1.64795915,  1.4952129 ,\n",
       "          1.68984856,  1.70057141,  1.1439464 ,  1.08987314,  1.148807  ,\n",
       "          1.11563113,  1.8461217 ,  1.63722418,  1.57691726,  0.99987572],\n",
       "        [ 1.42503873,  1.44560982,  1.88072153,  1.40044365,  1.47218409,\n",
       "          1.92390105,  1.97693333,  2.19997708,  1.94747346,  1.80530925,\n",
       "          2.00689792,  2.0035176 ,  1.4247356 ,  1.30369115,  1.42926668,\n",
       "          1.38443538,  2.14445715,  1.89442253,  1.81718314,  1.26225654],\n",
       "        [ 1.42724697,  1.37662594,  1.9687387 ,  1.46634657,  1.51833088,\n",
       "          2.12845534,  2.17233935,  2.41058909,  2.13461612,  1.89347602,\n",
       "          2.20768812,  2.19506389,  1.49414488,  1.41063689,  1.4963387 ,\n",
       "          1.44915248,  2.37600103,  2.10425576,  1.94779292,  1.3503569 ],\n",
       "        [ 1.22268997,  1.08597327,  1.72451661,  1.3093485 ,  1.312751  ,\n",
       "          1.79871682,  1.80479203,  2.00472273,  1.75232001,  1.50829595,\n",
       "          1.86456949,  1.87703722,  1.29556812,  1.18928014,  1.36548896,\n",
       "          1.2287224 ,  2.03468173,  1.79732311,  1.73625448,  1.10706643],\n",
       "        [ 0.84373388,  0.99035698,  0.239578  , -0.02808295,  0.05942387,\n",
       "          0.0710933 , -0.07653658,  0.062679  , -0.04024174,  0.45036304,\n",
       "         -0.12567975,  0.04790987,  0.02707615,  0.35474124, -0.06870459,\n",
       "          0.08256454,  0.02688734,  0.0755438 , -0.01629045,  0.08502021],\n",
       "        [ 0.77419098,  0.96480333,  0.06005304, -0.18341366, -0.08699646,\n",
       "         -0.12579687, -0.25354666, -0.13521584, -0.21638191,  0.36654964,\n",
       "         -0.28598879, -0.12967669, -0.14375535,  0.28062324, -0.2680202 ,\n",
       "         -0.06129941, -0.16600733, -0.13324048, -0.23884953, -0.03802034],\n",
       "        [ 0.16413777,  0.35927696, -0.19484086, -0.38879482, -0.40596201,\n",
       "         -0.43044606, -0.44830673, -0.34410172, -0.42149213,  0.02465624,\n",
       "         -0.48842001, -0.43302307, -0.39853024, -0.18490602, -0.4609395 ,\n",
       "         -0.32559417, -0.44560189, -0.42463476, -0.42411577, -0.33259773],\n",
       "        [ 0.77738811,  0.81656482,  0.31727596,  0.06160981,  0.19124895,\n",
       "          0.13176873, -0.00456007,  0.11323456,  0.05439134,  0.37624924,\n",
       "         -0.0047122 ,  0.1658755 ,  0.14005701,  0.42738745,  0.04000619,\n",
       "          0.16529137,  0.10513658,  0.16722543,  0.11722203,  0.18395282],\n",
       "        [ 1.41734506,  1.35861215,  1.97929552,  1.49241476,  1.50490009,\n",
       "          2.1025118 ,  2.12122141,  2.36188822,  2.06663707,  1.84420945,\n",
       "          2.17087828,  2.16283395,  1.50182456,  1.37994559,  1.53513852,\n",
       "          1.42661409,  2.33544906,  2.07996496,  1.968189  ,  1.31937889],\n",
       "        [ 1.27221023,  1.14108422,  1.72191821,  1.3463221 ,  1.37020792,\n",
       "          1.83485939,  1.82851105,  2.05119106,  1.80656687,  1.52106514,\n",
       "          1.87570016,  1.90714848,  1.33026333,  1.2290586 ,  1.39001336,\n",
       "          1.27292543,  2.0521611 ,  1.83875769,  1.77427512,  1.14769119],\n",
       "        [-0.13368247, -0.01294063, -0.5598399 , -0.66752751, -0.6752907 ,\n",
       "         -0.72171554, -0.73830001, -0.64370682, -0.73208518, -0.3773304 ,\n",
       "         -0.81252513, -0.72540366, -0.70809332, -0.46237692, -0.76605475,\n",
       "         -0.58994598, -0.71675029, -0.66771704, -0.75439129, -0.65198081],\n",
       "        [ 0.350655  ,  0.5886403 , -0.24808891, -0.50508599, -0.45879894,\n",
       "         -0.53111775, -0.627404  , -0.49754523, -0.60001834, -0.00526873,\n",
       "         -0.66197601, -0.54017126, -0.48625576, -0.10693307, -0.59255416,\n",
       "         -0.39616548, -0.5474291 , -0.49867723, -0.57822627, -0.39767187]]),\n",
       " (0,\n",
       "  3): array([[ 1.05261392,  1.24562391,  1.02184895,  0.54400118,  0.57311062,\n",
       "          0.87276834,  0.86092224,  0.98496259,  0.8761179 ,  1.24799939,\n",
       "          0.78807779,  0.85293757,  0.59495192,  0.77262673,  0.57302182,\n",
       "          0.62056818,  1.05676836,  0.83067022,  0.81818049,  0.671775  ],\n",
       "        [ 0.98585333,  1.08421544,  0.93853643,  0.56272265,  0.6238015 ,\n",
       "          0.78594437,  0.77823817,  0.90368672,  0.77736925,  1.05860415,\n",
       "          0.71395591,  0.77101288,  0.6291466 ,  0.82186036,  0.5926821 ,\n",
       "          0.66238957,  0.96678015,  0.72742354,  0.79935052,  0.71404231],\n",
       "        [ 1.85205454,  2.00628867,  1.90917665,  1.38907162,  1.48613932,\n",
       "          1.6020032 ,  1.5350352 ,  1.63390516,  1.55662736,  1.85980625,\n",
       "          1.51867431,  1.56651419,  1.49322774,  1.70861174,  1.42856834,\n",
       "          1.56037419,  1.77643613,  1.50136411,  1.5888785 ,  1.5701573 ],\n",
       "        [ 1.36270208,  1.62831144,  1.41691704,  0.78260544,  0.8155908 ,\n",
       "          1.2482394 ,  1.21209984,  1.34196735,  1.229675  ,  1.65713978,\n",
       "          1.15245321,  1.21619922,  0.8782225 ,  1.11935622,  0.80018792,\n",
       "          0.89463076,  1.41694683,  1.2350544 ,  1.15198236,  0.94054749],\n",
       "        [ 1.41337751,  1.68736846,  1.42588679,  0.81933485,  0.85858304,\n",
       "          1.24907478,  1.23792235,  1.38019655,  1.26593516,  1.70939839,\n",
       "          1.1774956 ,  1.20878521,  0.92506516,  1.18210584,  0.80029147,\n",
       "          0.93642461,  1.43370656,  1.23652634,  1.15583558,  0.99015248],\n",
       "        [ 1.20159246,  1.19235371,  1.18215866,  0.89696103,  0.93728442,\n",
       "          0.99561721,  0.92058635,  1.05915678,  0.94099957,  1.07930059,\n",
       "          0.91495417,  0.97216036,  0.93798041,  1.11981828,  0.93435531,\n",
       "          0.97213014,  1.1542851 ,  0.92701611,  1.04981439,  1.01106735],\n",
       "        [ 1.06358174,  1.03969417,  1.0337418 ,  0.84170508,  0.87433754,\n",
       "          0.91904426,  0.8676663 ,  0.99842113,  0.89805341,  0.99720984,\n",
       "          0.83370875,  0.90652694,  0.8866402 ,  1.02930583,  0.86316075,\n",
       "          0.89750748,  1.06893723,  0.86347186,  0.97141689,  0.94906147],\n",
       "        [ 1.14142923,  1.12982092,  1.17644961,  0.90120366,  0.9359661 ,\n",
       "          1.05245198,  1.0104799 ,  1.15649275,  1.04923187,  1.14261879,\n",
       "          1.00655377,  1.05501851,  0.95435445,  1.09421804,  0.93122953,\n",
       "          0.94293805,  1.22622186,  1.01570945,  1.08615551,  1.01206846],\n",
       "        [ 1.13949015,  1.10832872,  1.00571566,  0.84624186,  0.87589638,\n",
       "          0.87083307,  0.84577857,  0.97131115,  0.86999008,  0.9973292 ,\n",
       "          0.801834  ,  0.86335635,  0.88661309,  1.08324848,  0.85523945,\n",
       "          0.91447065,  1.04102036,  0.83007207,  0.93829406,  0.96369381],\n",
       "        [ 0.9342952 ,  0.92374122,  0.94691151,  0.73769609,  0.76039449,\n",
       "          0.85244623,  0.80833626,  0.95247008,  0.84007338,  0.9179335 ,\n",
       "          0.76874782,  0.83639996,  0.77817213,  0.89821379,  0.76938238,\n",
       "          0.7906611 ,  0.99854188,  0.80393563,  0.90593579,  0.83537236],\n",
       "        [ 1.09810928,  1.09028305,  1.11733002,  0.88909909,  0.91313618,\n",
       "          0.9805933 ,  0.93023096,  1.0763689 ,  0.96173528,  1.05751045,\n",
       "          0.90488904,  0.96593963,  0.93633954,  1.05968216,  0.91771179,\n",
       "          0.93099029,  1.12759518,  0.91739137,  1.05239549,  0.991204  ],\n",
       "        [ 1.20582957,  1.18514201,  1.24436609,  0.94346046,  0.98791876,\n",
       "          1.05458015,  0.98800157,  1.1212599 ,  1.00007414,  1.13013281,\n",
       "          0.98957638,  1.04508777,  0.98202436,  1.14480102,  0.99505066,\n",
       "          1.00890562,  1.22222836,  1.00074793,  1.1147929 ,  1.05222309],\n",
       "        [ 1.29682713,  1.58737402,  1.42749515,  0.78458892,  0.81868954,\n",
       "          1.29240025,  1.26596697,  1.3974196 ,  1.28796586,  1.69081168,\n",
       "          1.20962216,  1.27139403,  0.88796398,  1.07375244,  0.77738152,\n",
       "          0.88174357,  1.45914487,  1.280479  ,  1.18254259,  0.92482498],\n",
       "        [ 1.17050353,  1.38152598,  1.11553167,  0.57989832,  0.59664932,\n",
       "          0.91951408,  0.95036554,  1.06940793,  0.9641313 ,  1.38590319,\n",
       "          0.88445215,  0.90085824,  0.66153862,  0.91215757,  0.56851647,\n",
       "          0.67319442,  1.1149541 ,  0.90881582,  0.86167471,  0.73616831],\n",
       "        [ 1.32170144,  1.59856683,  1.39153705,  0.76430755,  0.80254554,\n",
       "          1.2360067 ,  1.20859989,  1.34004793,  1.22871195,  1.65967672,\n",
       "          1.15418831,  1.19815138,  0.86886907,  1.10131377,  0.74825001,\n",
       "          0.87482627,  1.40566677,  1.22535939,  1.13865734,  0.92900859],\n",
       "        [ 1.17061666,  1.40749787,  1.06465933,  0.57712363,  0.60382717,\n",
       "          0.87200934,  0.94000684,  1.05059433,  0.95652472,  1.37013891,\n",
       "          0.86632978,  0.86162813,  0.63887916,  0.87099877,  0.59153618,\n",
       "          0.67050474,  1.08738887,  0.85286686,  0.81896368,  0.73170177],\n",
       "        [ 1.20100067,  1.19398621,  1.17840676,  0.92516603,  0.96147845,\n",
       "          1.01501411,  0.95926193,  1.10010883,  0.98530198,  1.12201752,\n",
       "          0.94338135,  1.01046321,  0.97634   ,  1.13803743,  0.9571802 ,\n",
       "          0.98770681,  1.17087417,  0.96406121,  1.06914113,  1.04260398],\n",
       "        [ 1.22753231,  1.22760436,  1.29535346,  0.97488549,  1.00841923,\n",
       "          1.12750974,  1.06739931,  1.21409564,  1.08201395,  1.21485891,\n",
       "          1.05957643,  1.12049537,  1.02857351,  1.16646252,  1.02965641,\n",
       "          1.03473204,  1.30010846,  1.08723593,  1.16524292,  1.08804494],\n",
       "        [ 2.07779587,  2.34680902,  2.1186461 ,  1.57966357,  1.70221483,\n",
       "          1.81742208,  1.74636455,  1.87316116,  1.75259925,  2.09309113,\n",
       "          1.68454877,  1.74469742,  1.70309946,  1.96775153,  1.59814062,\n",
       "          1.79292437,  1.95646267,  1.68428672,  1.78644367,  1.79279325],\n",
       "        [ 1.29171104,  1.57625249,  1.41182983,  0.78963618,  0.81500827,\n",
       "          1.34052009,  1.31411287,  1.45702703,  1.32371812,  1.6972573 ,\n",
       "          1.25053251,  1.30702066,  0.89387254,  1.074391  ,  0.78255871,\n",
       "          0.87907566,  1.48705326,  1.33099937,  1.18555073,  0.92871188]]),\n",
       " (0,\n",
       "  4): array([[ 0.40160923,  0.37782333,  0.24402228,  0.30317155,  0.33148413,\n",
       "          0.11835834,  0.11031711,  0.1478707 ,  0.05110301,  0.19436161,\n",
       "          0.11163704,  0.15794109,  0.34150079,  0.36636735,  0.30245402,\n",
       "          0.33423249,  0.12865894,  0.09580501,  0.26213438,  0.38287901],\n",
       "        [ 0.23712144,  0.3529552 ,  0.38685918,  0.29162053,  0.32597538,\n",
       "          0.19523917,  0.33895266,  0.36137827,  0.27705484,  0.49500761,\n",
       "          0.30995345,  0.27209422,  0.25829785,  0.22325071,  0.2735193 ,\n",
       "          0.31153607,  0.31188794,  0.16658091,  0.31918616,  0.29811839],\n",
       "        [ 0.8060089 ,  0.81873816,  0.39203719,  0.43979312,  0.46393249,\n",
       "          0.30898231,  0.43150523,  0.48190804,  0.42332653,  0.5576471 ,\n",
       "          0.43067007,  0.36097186,  0.49496336,  0.62332038,  0.40781999,\n",
       "          0.50407003,  0.46545321,  0.31154964,  0.30897555,  0.52216404],\n",
       "        [ 0.88638045,  0.84719861,  0.40316419,  0.60273298,  0.61042237,\n",
       "          0.36847331,  0.53964429,  0.56250508,  0.49963607,  0.54125933,\n",
       "          0.51067082,  0.41848952,  0.61701588,  0.7286149 ,  0.57148157,\n",
       "          0.63722101,  0.50825362,  0.37464103,  0.4287783 ,  0.67628952],\n",
       "        [ 0.97305064,  0.93758024,  0.35415088,  0.632785  ,  0.65686143,\n",
       "          0.25183789,  0.44258986,  0.43635893,  0.40218282,  0.49547935,\n",
       "          0.39865451,  0.30433078,  0.66395002,  0.82164145,  0.5780028 ,\n",
       "          0.70286304,  0.40332046,  0.23882737,  0.36263883,  0.72833672],\n",
       "        [ 1.15074909,  1.23202324,  0.43240732,  0.45324633,  0.52675048,\n",
       "          0.24944524,  0.47863748,  0.53743566,  0.47203161,  0.86670593,\n",
       "          0.47161377,  0.30910074,  0.52119757,  0.82766258,  0.38893383,\n",
       "          0.56772487,  0.55819189,  0.26774323,  0.22486966,  0.58664629],\n",
       "        [ 0.65685366,  0.63583662,  0.37496473,  0.44837007,  0.45442254,\n",
       "          0.36315868,  0.42379003,  0.44371336,  0.38457989,  0.47888532,\n",
       "          0.40062395,  0.42476034,  0.50269121,  0.5068133 ,  0.46441845,\n",
       "          0.45589463,  0.45841235,  0.33961457,  0.35856714,  0.46828998],\n",
       "        [ 0.19752348,  0.35404351,  0.40430283,  0.23949435,  0.27685657,\n",
       "          0.32908877,  0.46108477,  0.48844281,  0.39629495,  0.59355323,\n",
       "          0.45414028,  0.41130252,  0.20925701,  0.14457834,  0.26784338,\n",
       "          0.24787736,  0.4495731 ,  0.27763677,  0.34682566,  0.20203935],\n",
       "        [ 0.1122736 ,  0.23197658,  0.27760382,  0.12510308,  0.14849541,\n",
       "          0.2215009 ,  0.33640076,  0.36700781,  0.27182253,  0.4590588 ,\n",
       "          0.33014361,  0.2955145 ,  0.09169958,  0.03924406,  0.10775347,\n",
       "          0.13577572,  0.30653084,  0.17527242,  0.22050628,  0.09642877],\n",
       "        [ 0.21380723,  0.35091899,  0.36345418,  0.23637419,  0.24274924,\n",
       "          0.22519069,  0.38344494,  0.41327751,  0.31546477,  0.54210903,\n",
       "          0.36029763,  0.32393497,  0.21471477,  0.17589896,  0.22271119,\n",
       "          0.2386415 ,  0.35244496,  0.18386536,  0.27050778,  0.19604158],\n",
       "        [ 0.12473316,  0.3080399 ,  0.14506276,  0.04548336,  0.06376089,\n",
       "          0.01721949,  0.15754282,  0.1646998 ,  0.08654925,  0.38608281,\n",
       "          0.13863479,  0.11134899,  0.01525887,  0.01799808,  0.01845129,\n",
       "          0.06574144,  0.11705061, -0.01871801,  0.0364956 ,  0.0104451 ],\n",
       "        [ 0.79266622,  0.8675179 ,  0.14026183,  0.23698884,  0.29671963,\n",
       "         -0.07376002,  0.18615531,  0.2001247 ,  0.17541266,  0.58614777,\n",
       "          0.15723963,  0.01158678,  0.2789119 ,  0.55835179,  0.18378369,\n",
       "          0.33880697,  0.22365184, -0.02305463, -0.04266533,  0.35095069],\n",
       "        [ 0.87870045,  0.8274746 ,  0.43712946,  0.59392328,  0.59539385,\n",
       "          0.42430097,  0.57478953,  0.60067057,  0.54457845,  0.59101011,\n",
       "          0.5551172 ,  0.45234585,  0.58734208,  0.68287352,  0.55156294,\n",
       "          0.61931372,  0.57714889,  0.43580589,  0.42726507,  0.62336863],\n",
       "        [ 0.96272936,  0.93650269,  0.43173252,  0.67727285,  0.68574655,\n",
       "          0.3746328 ,  0.56222605,  0.57197744,  0.52360704,  0.58266052,\n",
       "          0.52652764,  0.43446067,  0.71669628,  0.82613117,  0.64073538,\n",
       "          0.72911803,  0.54086161,  0.37757486,  0.44597959,  0.76030135],\n",
       "        [ 0.88801244,  0.84142945,  0.40849417,  0.66632563,  0.67345169,\n",
       "          0.40309586,  0.55995126,  0.59917249,  0.53295563,  0.55424448,\n",
       "          0.5201292 ,  0.44008693,  0.68494268,  0.76210197,  0.63618936,\n",
       "          0.6962797 ,  0.55918799,  0.39724697,  0.46180534,  0.70892127],\n",
       "        [ 0.8539313 ,  0.78969297,  0.45492307,  0.63959422,  0.65159776,\n",
       "          0.43206799,  0.48155641,  0.50586788,  0.42838139,  0.51288185,\n",
       "          0.43149655,  0.46250823,  0.66291212,  0.79201352,  0.61018029,\n",
       "          0.68690151,  0.48475694,  0.41004642,  0.49121783,  0.74100877],\n",
       "        [ 0.08977264,  0.2255654 ,  0.24610359,  0.16675855,  0.16965503,\n",
       "          0.14305977,  0.28026231,  0.30253892,  0.24195824,  0.4076086 ,\n",
       "          0.24963119,  0.23853524,  0.13974906,  0.06146851,  0.14388113,\n",
       "          0.15415034,  0.28473034,  0.1279986 ,  0.17161986,  0.09777643],\n",
       "        [ 0.94859783,  1.03546917,  0.36197171,  0.39339969,  0.44463295,\n",
       "          0.20877366,  0.44829623,  0.49826374,  0.44905397,  0.78239673,\n",
       "          0.43870108,  0.25594238,  0.44604711,  0.66883732,  0.34631892,\n",
       "          0.48837176,  0.4973296 ,  0.21270006,  0.1983047 ,  0.49162703],\n",
       "        [ 0.80552237,  0.78996399,  0.35876143,  0.51544164,  0.53165727,\n",
       "          0.31227474,  0.48217896,  0.50812487,  0.44545229,  0.55319095,\n",
       "          0.46189847,  0.355414  ,  0.55920617,  0.66285951,  0.49086997,\n",
       "          0.56504207,  0.46583146,  0.27313397,  0.32136201,  0.57124468],\n",
       "        [ 0.61462696,  0.53598322,  0.33656972,  0.46026833,  0.47034874,\n",
       "          0.35474057,  0.34703959,  0.38802277,  0.29767513,  0.37574764,\n",
       "          0.32082701,  0.38358377,  0.47457747,  0.58274116,  0.45969868,\n",
       "          0.49123412,  0.38060458,  0.34740994,  0.37916978,  0.57185599]]),\n",
       " (1,\n",
       "  0): array([[ 1.69545205,  1.90555772,  2.02395413,  1.60536094,  1.63902358,\n",
       "          2.17846059,  2.13539352,  2.24591292,  2.23767065,  2.08001298,\n",
       "          2.51783742,  2.14620576,  1.66246571,  1.51594421,  1.61107264,\n",
       "          1.95617837,  2.13038962,  2.22560866,  2.09955102,  1.64988556],\n",
       "        [ 1.89045542,  2.06551061,  2.06805645,  1.62512212,  1.60321787,\n",
       "          2.24077434,  2.18872315,  2.29047162,  2.3765432 ,  2.23745783,\n",
       "          2.56689724,  2.19732102,  1.80508402,  1.56414783,  1.61660775,\n",
       "          2.12615063,  2.15789514,  2.25459617,  2.11226126,  1.81729861],\n",
       "        [ 1.04808171,  1.16213121,  2.06707868,  1.23368665,  1.2118174 ,\n",
       "          2.36534373,  2.34968403,  2.33313224,  1.67571348,  1.47455022,\n",
       "          2.28899639,  2.35164209,  1.01750854,  1.0694515 ,  1.29664827,\n",
       "          1.30205373,  2.33108439,  2.37060458,  2.04716217,  0.95814289],\n",
       "        [ 1.02675813,  1.12264005,  1.69677049,  1.12024509,  1.18915508,\n",
       "          1.80294491,  1.77166201,  1.81598239,  1.55624331,  1.39720642,\n",
       "          1.95829517,  1.79697753,  1.01266924,  0.97948484,  1.17706766,\n",
       "          1.27700616,  1.77860808,  1.85777857,  1.7349201 ,  0.91045908],\n",
       "        [ 1.01331363,  1.13702968,  1.65254864,  1.09633906,  1.1518266 ,\n",
       "          1.87659501,  1.84458411,  1.8852982 ,  1.59689066,  1.42773776,\n",
       "          2.04483782,  1.85792573,  0.99689622,  0.95169444,  1.1340382 ,\n",
       "          1.3058618 ,  1.84889965,  1.93629478,  1.67249084,  0.92880667],\n",
       "        [ 1.42572289,  1.56156598,  1.95612231,  1.38817767,  1.33617402,\n",
       "          2.30244479,  2.24731011,  2.27082828,  1.98813233,  1.82724   ,\n",
       "          2.50808953,  2.24790864,  1.36008842,  1.23300633,  1.44967905,\n",
       "          1.6860852 ,  2.21931049,  2.22205613,  1.95737718,  1.28635519],\n",
       "        [ 1.13997015,  1.31562132,  1.77089165,  1.13914769,  1.15807157,\n",
       "          2.19596378,  2.1172669 ,  2.14228296,  1.86370151,  1.64659479,\n",
       "          2.44024226,  2.14395034,  1.08756188,  1.01073434,  1.23397324,\n",
       "          1.42946077,  2.10468392,  2.15826202,  1.76794611,  1.02134538],\n",
       "        [ 1.19526175,  1.36720577,  2.03099453,  1.26819994,  1.28882091,\n",
       "          2.5073665 ,  2.43502343,  2.44133492,  1.95850412,  1.74111463,\n",
       "          2.66272919,  2.46642384,  1.15288988,  1.12247446,  1.3712766 ,\n",
       "          1.50185012,  2.40411567,  2.45294637,  2.02110874,  1.09463355],\n",
       "        [ 1.16223514,  1.30179314,  1.78146433,  1.1684449 ,  1.18308168,\n",
       "          2.23760544,  2.15385169,  2.17341296,  1.84398182,  1.62426826,\n",
       "          2.40523918,  2.18253192,  1.11602823,  1.03589605,  1.26342137,\n",
       "          1.42886904,  2.13614389,  2.18570914,  1.77340597,  1.03664628],\n",
       "        [ 1.32759439,  1.48938684,  1.6759908 ,  1.13818155,  1.07807881,\n",
       "          2.03555333,  1.95530166,  1.99967201,  1.9415101 ,  1.74089412,\n",
       "          2.30688438,  1.99171993,  1.25203991,  1.04965934,  1.18413991,\n",
       "          1.57221153,  1.92437899,  1.97350344,  1.67929801,  1.20287645],\n",
       "        [ 1.20405158,  1.37836599,  1.79410089,  1.20593856,  1.20383947,\n",
       "          2.20445088,  2.12756827,  2.16806484,  1.91215274,  1.70239078,\n",
       "          2.46865339,  2.16246817,  1.15057319,  1.08475523,  1.29220821,\n",
